"cases/caso01.txt": 832 in 18.252041ms
"cases/caso02.txt": 1688 in 43.199667ms
"cases/caso04.txt": 2954 in 96.181541ms
"cases/caso06.txt": 3828 in 261.783125ms
"cases/caso08.txt": 5896 in 616.17225ms
"cases/caso10.txt": 6344 in 1.019689583s
"cases/caso15.txt": 8112 in 2.341842708s
"cases/caso20.txt": 9334 in 4.813227958s
