"cases/caso01.txt": 832 in 2.086167ms
"cases/caso02.txt": 1688 in 7.749042ms
"cases/caso04.txt": 2954 in 26.501875ms
"cases/caso06.txt": 3828 in 40.06775ms
"cases/caso08.txt": 5896 in 65.585292ms
"cases/caso10.txt": 6344 in 79.615958ms
"cases/caso15.txt": 8112 in 162.768125ms
"cases/caso20.txt": 9334 in 318.150375ms
