"cases/caso01.txt": 832 in 62.843208ms
"cases/caso02.txt": 1688 in 119.90375ms
"cases/caso04.txt": 2954 in 400.184166ms
"cases/caso06.txt": 3828 in 941.398292ms
"cases/caso08.txt": 5896 in 1.985731541s
"cases/caso10.txt": 6344 in 3.0252935s
"cases/caso15.txt": 8112 in 6.3216865s
"cases/caso20.txt": 9334 in 12.036490292s
